images/maps/groundTextures.png
00,00 00,00 00,00 00,00 00,00 00,00 00,00 00,00 00,00 03,00 04,00 00,00 00,00 00,00 00,00 00,00 00,00 00,00 00,00 00,00 00,00 00,00 00,00 00,00 00,00
00,00 00,00 00,00 00,00 00,00 00,00 00,00 00,00 00,00 03,00 04,00 00,00 00,00 00,00 00,00 00,00 00,00 00,00 00,00 00,00 00,00 00,00 00,00 00,00 00,00
00,00 00,00 00,00 00,00 00,00 00,00 00,00 00,00 00,00 03,00 04,00 00,00 00,00 00,00 00,00 00,00 00,00 00,00 00,00 00,00 00,00 00,00 00,00 00,00 00,00
00,00 00,00 00,00 00,00 00,00 00,00 00,00 00,00 00,00 03,00 04,00 00,00 00,00 00,00 00,00 00,00 00,00 00,00 00,00 00,00 00,00 00,00 00,00 00,00 00,00
n0,01 00,00 00,00 00,00 00,00 00,00 00,00 00,00 00,00 03,00 04,00 00,00 00,00 00,00 00,00 00,00 00,00 00,00 00,00 00,00 00,00 00,00 00,00 00,00 00,00
00,00 00,00 00,00 00,00 00,00 00,00 00,00 00,00 00,00 03,00 02,01 03,02 00,00 00,00 00,00 00,00 00,00 00,00 00,00 00,00 00,00 00,00 00,00 00,00 00,00
00,00 00,00 00,00 00,00 00,00 00,00 00,00 00,00 00,00 02,02 02,00 04,00 00,00 00,00 00,00 00,00 00,00 00,00 00,00 00,00 00,00 00,00 00,00 00,00 00,00
00,00 00,00 00,00 00,00 00,00 00,00 00,00 00,00 00,00 00,00 06,02 06,02 00,00 00,00 00,00 00,00 00,00 00,00 00,00 00,00 00,00 00,00 00,00 00,00 00,00
00,00 00,00 00,00 00,00 00,00 00,00 00,00 00,00 00,00 00,00 06,02 06,02 00,00 00,00 00,00 00,00 00,00 00,00 00,00 00,00 00,00 00,00 00,00 00,00 00,00
00,00 00,00 00,00 00,00 00,00 00,00 00,00 00,00 00,00 00,00 00,00 00,00 00,00 00,00 00,00 00,00 00,00 00,00 00,00 00,00 00,00 00,00 00,00 00,00 00,00
00,00 00,00 00,00 00,00 00,00 00,00 00,00 00,00 00,00 00,00 00,00 00,00 00,00 00,00 00,00 00,00 00,00 00,00 00,00 00,00 00,00 00,00 00,00 00,00 00,00
00,00 00,00 00,00 00,00 00,00 00,00 00,00 00,00 00,00 00,00 00,00 00,00 00,00 00,00 00,00 00,00 00,00 00,00 00,00 00,00 00,00 00,00 00,00 00,00 00,00
00,00 00,00 00,00 00,00 00,00 00,00 00,00 00,00 00,00 00,00 00,00 00,00 00,00 00,00 00,00 00,00 00,00 00,00 00,00 00,00 00,00 00,00 00,00 00,00 00,00
00,00 00,00 00,00 00,00 00,00 00,00 00,00 00,00 00,00 00,00 00,00 00,00 00,00 00,00 00,00 00,00 00,00 00,00 00,00 00,00 00,00 00,00 00,00 00,00 00,00
00,00 00,00 00,00 00,00 00,00 00,00 00,00 00,00 00,00 00,00 00,00 00,00 00,00 00,00 00,00 00,00 00,00 00,00 00,00 00,00 00,00 00,00 00,00 00,00 00,00
00,00 00,00 00,00 00,00 00,00 00,00 00,00 00,00 00,00 00,00 00,00 00,00 00,00 00,00 00,00 00,00 00,00 00,00 00,00 00,00 00,00 00,00 00,00 00,00 00,00
00,00 00,00 00,00 00,00 00,00 00,00 00,00 00,00 00,00 00,00 00,00 00,00 00,00 00,00 00,00 00,00 00,00 00,00 00,00 00,00 00,00 00,00 00,00 00,00 00,00
00,00 00,00 00,00 00,00 00,00 00,00 00,00 00,00 00,00 00,00 00,00 00,00 00,00 00,00 00,00 00,00 00,00 00,00 00,00 00,00 00,00 00,00 00,00 00,00 00,00
00,00 00,00 00,00 00,00 00,00 00,00 00,00 00,00 00,00 00,00 00,00 00,00 00,00 00,00 00,00 00,00 00,00 00,00 00,00 00,00 00,00 00,00 00,00 00,00 00,00
00,00 00,00 00,00 00,00 00,00 00,00 00,00 00,00 00,00 00,00 00,00 00,00 00,00 00,00 00,00 00,00 00,00 00,00 00,00 00,00 00,00 00,00 00,00 00,00 00,00
00,00 00,00 00,00 00,00 00,00 00,00 00,00 00,00 00,00 00,00 00,00 00,00 00,00 00,00 00,00 00,00 00,00 00,00 00,00 00,00 00,00 00,00 00,00 00,00 00,00
00,00 00,00 00,00 00,00 00,00 00,00 00,00 00,00 00,00 00,00 00,00 00,00 00,00 00,00 00,00 00,00 00,00 00,00 00,00 00,00 00,00 00,00 00,00 00,00 00,00
00,00 00,00 00,00 00,00 00,00 00,00 00,00 00,00 00,00 00,00 00,00 00,00 00,00 00,00 00,00 00,00 00,00 00,00 00,00 00,00 00,00 00,00 00,00 00,00 00,00
00,00 00,00 00,00 00,00 00,00 00,00 00,00 00,00 00,00 00,00 00,00 00,00 00,00 00,00 00,00 00,00 00,00 00,00 00,00 00,00 00,00 00,00 00,00 00,00 00,00
00,00 00,00 00,00 00,00 00,00 00,00 00,00 00,00 00,00 00,00 00,00 00,00 00,00 00,00 00,00 00,00 00,00 00,00 00,00 00,00 00,00 00,00 00,00 00,00 00,00
00,00 00,00 00,00 00,00 00,00 00,00 00,00 00,00 00,00 00,00 00,00 00,00 00,00 00,00 00,00 00,00 00,00 00,00 00,00 00,00 00,00 00,00 00,00 00,00 00,00
00,00 00,00 00,00 00,00 00,00 00,00 00,00 00,00 00,00 00,00 00,00 00,00 00,00 00,00 00,00 00,00 00,00 00,00 00,00 00,00 00,00 00,00 00,00 00,00 00,00
00,00 00,00 00,00 00,00 00,00 00,00 00,00 00,00 00,00 00,00 00,00 00,00 00,00 00,00 00,00 00,00 00,00 00,00 00,00 00,00 00,00 00,00 00,00 00,00 00,00
00,00 00,00 00,00 00,00 00,00 00,00 00,00 00,00 00,00 00,00 00,00 00,00 00,00 00,00 00,00 00,00 00,00 00,00 00,00 00,00 00,00 00,00 00,00 00,00 00,00
00,00 00,00 00,00 00,00 00,00 00,00 00,00 00,00 00,00 00,00 00,00 00,00 00,00 00,00 00,00 00,00 00,00 00,00 00,00 00,00 00,00 00,00 00,00 00,00 00,00
00,00 00,00 00,00 00,00 00,00 00,00 00,00 00,00 00,00 00,00 00,00 00,00 00,00 00,00 00,00 00,00 00,00 00,00 00,00 00,00 00,00 00,00 00,00 00,00 00,00
