images/maps/groundTextures.png
00,00 00,00 00,00 00,00 00,00 00,00 00,00 00,00 00,00 00,00 00,00 00,00 00,00 00,00 00,00 00,00 00,00 00,00 00,00 00,00 00,00 00,00 00,00
00,00 00,00 00,00 00,00 00,00 00,00 00,00 00,00 00,00 00,00 00,00 00,00 00,00 00,00 00,00 00,00 00,00 00,00 00,00 00,00 00,00 00,00 00,00
00,00 00,00 00,00 00,00 00,00 00,00 00,00 00,00 00,00 00,00 00,00 00,00 00,00 00,00 00,00 00,00 00,00 00,00 00,00 00,00 00,00 00,00 00,00
00,00 00,00 00,00 00,00 00,00 00,00 00,00 00,00 00,00 00,00 00,00 00,00 00,00 00,00 00,00 00,00 00,00 00,00 00,00 00,00 00,00 00,00 00,00
n0,01 00,00 00,00 00,00 00,00 00,00 00,00 00,00 00,00 00,00 00,00 00,00 00,00 00,00 00,00 00,00 00,00 00,00 00,00 00,00 00,00 00,00 00,00
00,00 00,00 00,00 00,00 00,00 00,00 00,00 00,00 00,00 00,00 00,00 00,00 00,00 00,00 00,00 00,00 00,00 00,00 00,00 01,00 01,00 01,00 01,00
00,00 00,00 00,00 00,00 00,00 00,00 00,00 00,00 00,00 00,00 00,00 00,00 00,00 00,00 00,00 00,00 00,00 00,00 00,00 05,02 05,02 04,01 02,00
00,00 00,00 00,00 00,00 00,00 00,00 00,00 00,00 00,00 00,00 00,00 00,00 00,00 00,00 00,00 00,00 00,00 00,00 00,00 02,00 02,00 01,02 00,00
00,00 00,00 00,00 00,00 00,00 00,00 00,00 00,00 00,00 00,00 00,00 00,00 00,00 00,00 00,00 00,00 00,00 00,00 00,00 00,00 00,00 00,00 00,00
00,00 00,00 00,00 00,00 00,00 00,00 00,00 00,00 00,00 00,00 00,00 00,00 00,00 00,00 00,00 00,00 00,00 00,00 00,00 00,00 00,00 00,00 00,00
00,00 00,00 00,00 00,00 00,00 00,00 00,00 00,00 00,00 00,00 00,00 00,00 00,00 00,00 00,00 00,00 00,00 00,00 00,00 00,00 00,00 00,00 00,00
00,00 00,00 00,00 00,00 00,00 00,00 00,00 00,00 00,00 00,00 00,00 00,00 00,00 00,00 00,00 00,00 00,00 00,00 00,00 00,00 00,00 00,00 00,00
00,00 00,00 00,00 00,00 00,00 00,00 00,00 00,00 00,00 00,00 00,00 00,00 00,00 00,00 00,00 00,00 00,00 00,00 00,00 00,00 00,00 00,00 00,00
00,00 00,00 00,00 00,00 00,00 00,00 00,00 00,00 00,00 00,00 00,00 00,00 00,00 00,00 00,00 00,00 00,00 00,00 00,00 00,00 00,00 00,00 00,00
00,00 00,00 00,00 00,00 00,00 00,00 00,00 00,00 00,00 00,00 00,00 00,00 00,00 00,00 00,00 00,00 00,00 00,00 00,00 00,00 00,00 00,00 00,00
00,00 00,00 00,00 00,00 00,00 00,00 00,00 00,00 00,00 00,00 00,00 00,00 00,00 00,00 00,00 00,00 00,00 00,00 00,00 00,00 00,00 00,00 00,00
00,00 00,00 00,00 00,00 00,00 00,00 00,00 00,00 00,00 00,00 00,00 00,00 00,00 00,00 00,00 00,00 00,00 00,00 00,00 00,00 00,00 00,00 00,00
00,00 00,00 00,00 00,00 00,00 00,00 00,00 00,00 00,00 00,00 00,00 00,00 00,00 00,00 00,00 00,00 00,00 00,00 00,00 00,00 00,00 00,00 00,00
00,00 00,00 00,00 00,00 00,00 00,00 00,00 00,00 00,00 00,00 00,00 00,00 00,00 00,00 00,00 00,00 00,00 00,00 00,00 00,00 00,00 00,00 00,00
00,00 00,00 00,00 00,00 00,00 00,00 00,00 00,00 00,00 00,00 00,00 00,00 00,00 00,00 00,00 00,00 00,00 00,00 00,00 00,00 00,00 00,00 00,00
00,00 00,00 00,00 00,00 00,00 00,00 00,00 00,00 00,00 00,00 00,00 00,00 00,00 00,00 00,00 00,00 00,00 00,00 00,00 00,00 00,00 00,00 00,00
00,00 00,00 00,00 00,00 00,00 00,00 00,00 00,00 00,00 00,00 00,00 00,00 00,00 00,00 00,00 00,00 00,00 00,00 00,00 00,00 00,00 00,00 00,00
00,00 00,00 00,00 00,00 00,00 00,00 00,00 00,00 00,00 00,00 00,00 00,00 00,00 00,00 00,00 00,00 00,00 00,00 00,00 00,00 00,00 00,00 00,00
00,00 00,00 00,00 00,00 00,00 00,00 00,00 00,00 00,00 00,00 00,00 00,00 00,00 00,00 00,00 00,00 00,00 00,00 00,00 00,00 00,00 00,00 00,00
00,00 00,00 00,00 00,00 00,00 00,00 00,00 00,00 00,00 00,00 00,00 00,00 00,00 00,00 00,00 00,00 00,00 00,00 00,00 00,00 00,00 00,00 00,00
00,00 00,00 00,00 00,00 00,00 00,00 00,00 00,00 00,00 00,00 00,00 00,00 00,00 00,00 00,00 00,00 00,00 00,00 00,00 00,00 00,00 00,00 00,00
00,00 00,00 00,00 00,00 00,00 00,00 00,00 00,00 00,00 00,00 00,00 00,00 00,00 00,00 00,00 00,00 00,00 00,00 00,00 00,00 00,00 00,00 00,00
00,00 00,00 00,00 00,00 00,00 00,00 00,00 00,00 00,00 00,00 00,00 00,00 00,00 00,00 00,00 00,00 00,00 00,00 00,00 00,00 00,00 00,00 00,00
00,00 00,00 00,00 00,00 00,00 00,00 00,00 00,00 00,00 00,00 00,00 00,00 00,00 00,00 00,00 00,00 00,00 00,00 00,00 00,00 00,00 00,00 00,00
00,00 00,00 00,00 00,00 00,00 00,00 00,00 00,00 00,00 00,00 00,00 00,00 00,00 00,00 00,00 00,00 00,00 00,00 00,00 00,00 00,00 00,00 00,00
00,00 00,00 00,00 00,00 00,00 00,00 00,00 00,00 00,00 00,00 00,00 00,00 00,00 00,00 00,00 00,00 00,00 00,00 00,00 00,00 00,00 00,00 00,00
