images/maps/groundTextures.png
xx,xx 00,00 00,00 00,00 00,00 00,00 00,00 00,00 00,00 00,00 00,00 00,00 00,00 00,00 00,00 00,00 00,00 00,00 00,00 xx,xx
xx,xx 00,00 00,00 00,00 00,00 00,00 00,00 00,00 00,00 00,00 00,00 00,00 00,00 00,00 00,00 00,00 00,00 00,00 00,00 xx,xx
xx,xx 00,00 00,00 00,00 00,00 00,00 00,00 00,00 00,00 00,00 00,00 00,00 00,00 00,00 00,00 00,00 00,00 00,00 00,00 xx,xx
xx,xx 00,00 00,00 00,00 00,00 00,00 00,00 00,00 00,00 00,00 00,00 00,00 00,00 00,00 00,00 00,00 00,00 00,00 00,00 xx,xx
xx,xx 00,00 00,00 00,00 00,00 00,00 00,00 00,00 00,00 00,00 00,00 00,00 00,00 00,00 00,00 00,00 00,00 00,00 00,00 xx,xx
xx,xx 00,00 00,00 00,00 00,00 00,00 00,00 00,00 00,00 00,00 00,00 00,00 00,00 00,00 00,00 00,00 00,00 00,00 00,00 xx,xx
xx,xx 00,00 00,00 00,00 00,00 00,00 00,00 00,00 00,00 00,00 00,00 00,00 00,00 00,00 00,00 00,00 00,00 00,00 00,00 n0,02
xx,xx 00,00 00,00 00,00 00,00 00,00 00,00 00,00 00,00 00,00 00,00 00,00 00,00 00,00 00,00 00,00 00,00 00,00 00,00 n0,02
xx,xx 00,00 00,00 00,00 00,00 00,00 00,00 00,00 00,00 00,00 00,00 00,00 00,00 00,00 00,00 00,00 00,00 00,00 00,00 xx,xx
xx,xx 00,00 00,00 00,00 00,00 00,00 00,00 00,00 00,00 00,00 00,00 00,00 00,00 00,00 00,00 00,00 00,00 00,00 00,00 xx,xx
xx,xx 00,00 00,00 00,00 00,00 00,00 00,00 00,00 00,00 00,00 00,00 00,00 00,00 00,00 00,00 00,00 00,00 00,00 00,00 xx,xx
xx,xx 00,00 00,00 00,00 00,00 00,00 00,00 00,00 00,00 00,00 00,00 00,00 00,00 00,00 00,00 00,00 00,00 00,00 00,00 xx,xx
xx,xx 00,00 00,00 00,00 00,00 00,00 00,00 00,00 00,00 00,00 00,00 00,00 00,00 00,00 00,00 00,00 00,00 00,00 00,00 xx,xx
n0,02 00,00 00,00 00,00 00,00 00,00 00,00 00,00 00,00 00,00 00,00 00,00 00,00 00,00 00,00 00,00 00,00 00,00 00,00 xx,xx
n0,02 00,00 00,00 00,00 00,00 00,00 00,00 00,00 00,00 00,00 00,00 00,00 00,00 00,00 00,00 00,00 00,00 00,00 00,00 xx,xx
xx,xx 00,00 00,00 00,00 00,00 00,00 00,00 00,00 00,00 00,00 00,00 00,00 00,00 00,00 00,00 00,00 00,00 00,00 00,00 xx,xx
xx,xx 00,00 00,00 00,00 00,00 00,00 00,00 00,00 00,00 00,00 00,00 00,00 00,00 00,00 00,00 00,00 00,00 00,00 00,00 xx,xx
xx,xx 00,00 00,00 00,00 00,00 00,00 00,00 00,00 00,00 00,00 00,00 00,00 00,00 00,00 00,00 00,00 00,00 00,00 00,00 xx,xx
xx,xx 00,00 00,00 00,00 00,00 00,00 00,00 00,00 00,00 00,00 00,00 00,00 00,00 00,00 00,00 00,00 00,00 00,00 00,00 xx,xx
xx,xx 00,00 00,00 00,00 00,00 00,00 00,00 00,00 00,00 00,00 00,00 00,00 00,00 00,00 00,00 00,00 00,00 00,00 00,00 xx,xx
xx,xx 00,00 00,00 00,00 00,00 00,00 00,00 00,00 00,00 00,00 00,00 00,00 00,00 00,00 00,00 00,00 00,00 00,00 00,00 xx,xx
xx,xx 00,00 00,00 00,00 00,00 00,00 00,00 00,00 00,00 00,00 00,00 00,00 00,00 00,00 00,00 00,00 00,00 00,00 00,00 xx,xx
xx,xx 00,00 00,00 00,00 00,00 00,00 00,00 00,00 00,00 00,00 00,00 00,00 00,00 00,00 00,00 00,00 00,00 00,00 00,00 xx,xx
xx,xx 00,00 00,00 00,00 00,00 00,00 00,00 00,00 00,00 00,00 00,00 00,00 00,00 00,00 00,00 00,00 00,00 00,00 00,00 xx,xx
