images/maps/groundTextures.png
00,00 00,00 00,00 00,00 00,00 00,00 00,00 00,00 00,00 00,00 00,00 00,00 00,00 00,00 00,00 00,00 00,00 xx,xx
00,00 00,00 00,00 00,00 00,00 00,00 00,00 00,00 00,00 00,00 00,00 00,00 00,00 00,00 00,00 00,00 00,00 xx,xx
00,00 00,00 00,00 00,00 00,00 00,00 00,00 00,00 00,00 00,00 00,00 00,00 04,02 01,00 01,00 01,00 01,00 n0,03
00,00 00,00 00,00 00,00 00,00 00,00 00,00 00,00 00,00 00,00 00,00 00,00 03,00 04,01 02,00 02,00 02,00 n0,03
00,00 00,00 00,00 00,00 00,00 00,00 00,00 00,00 00,00 00,00 00,00 00,00 03,00 04,00 00,00 00,00 00,00 xx,xx
00,00 00,00 00,00 00,00 00,00 00,00 00,00 00,00 00,00 00,00 00,00 00,00 03,00 04,00 00,00 00,00 00,00 xx,xx
00,00 00,00 00,00 00,00 00,00 00,00 00,00 00,00 00,00 00,00 00,00 00,00 03,00 04,00 00,00 00,00 00,00 xx,xx
00,00 00,00 00,00 00,00 00,00 00,00 00,00 00,00 00,00 00,00 00,00 00,00 03,00 04,00 00,00 00,00 00,00 xx,xx
00,00 00,00 00,00 00,00 00,00 00,00 00,00 00,00 00,00 00,00 00,00 00,00 03,00 04,00 00,00 00,00 00,00 xx,xx
00,00 00,00 00,00 00,00 00,00 00,00 00,00 00,00 00,00 00,00 00,00 00,00 03,00 04,00 00,00 00,00 00,00 xx,xx
00,00 00,00 00,00 00,00 00,00 00,00 00,00 00,00 00,00 00,00 00,00 00,00 03,00 04,00 00,00 00,00 00,00 xx,xx
00,00 00,00 00,00 00,00 04,02 01,00 01,00 01,00 01,00 01,00 01,00 01,00 01,01 04,00 00,00 00,00 00,00 xx,xx
00,00 00,00 00,00 00,00 03,00 04,01 02,00 02,00 02,00 02,00 02,00 02,00 02,00 01,02 00,00 00,00 00,00 xx,xx
00,00 00,00 00,00 00,00 03,00 04,00 00,00 00,00 00,00 00,00 00,00 00,00 00,00 00,00 00,00 00,00 00,00 xx,xx
00,00 00,00 00,00 00,00 03,00 04,00 00,00 00,00 00,00 00,00 00,00 00,00 00,00 00,00 00,00 00,00 00,00 xx,xx
00,00 00,00 00,00 00,00 03,00 04,00 00,00 00,00 00,00 00,00 00,00 00,00 00,00 00,00 00,00 00,00 00,00 xx,xx
00,00 00,00 00,00 00,00 03,00 04,00 00,00 00,00 00,00 00,00 00,00 00,00 00,00 00,00 00,00 00,00 00,00 xx,xx
00,00 00,00 00,00 00,00 03,00 04,00 00,00 00,00 00,00 00,00 00,00 00,00 00,00 00,00 00,00 00,00 00,00 xx,xx
00,00 00,00 00,00 00,00 03,00 04,00 00,00 00,00 00,00 00,00 00,00 00,00 00,00 00,00 00,00 00,00 00,00 xx,xx
00,00 00,00 00,00 00,00 03,00 04,00 00,00 00,00 00,00 00,00 00,00 00,00 00,00 00,00 00,00 00,00 00,00 xx,xx
00,00 00,00 00,00 00,00 03,00 04,00 00,00 00,00 00,00 00,00 00,00 00,00 00,00 00,00 00,00 00,00 00,00 xx,xx
00,00 00,00 00,00 00,00 03,00 04,00 00,00 00,00 00,00 00,00 00,00 00,00 00,00 00,00 00,00 00,00 00,00 xx,xx
00,00 00,00 00,00 00,00 03,00 04,00 00,00 00,00 00,00 00,00 00,00 00,00 00,00 00,00 00,00 00,00 00,00 xx,xx
00,00 00,00 00,00 00,00 03,00 04,00 00,00 00,00 00,00 00,00 00,00 00,00 00,00 00,00 00,00 00,00 00,00 xx,xx
xx,xx xx,xx xx,xx xx,xx n0,01 n0,01 xx,xx xx,xx xx,xx xx,xx xx,xx xx,xx xx,xx xx,xx xx,xx xx,xx xx,xx xx,xx
